6.701571887142142359e+00	3.716631584508184094e+00	5.485087542711474917e+00	7.756803138914949436e+00	5.644831947024868235e+00	6.408439609203530729e+00	4.481182117821146171e+00
5.089119061649290288e+00	2.142543795441394838e+00	3.873394363121489103e+00	5.907769372352032811e+00	3.209054805623906770e+00	5.352460831261982577e+00	3.502437777776429950e+00
3.937227882130021506e+00	2.360970270224726164e+00	3.537177092941711454e+00	4.902652197170914050e+00	3.174007708303909325e+00	4.551739523382480890e+00	3.041446683610260493e+00
3.357004833835796287e+00	1.897901709454953956e+00	3.065072609891656086e+00	4.159184901592625216e+00	2.889121138809701339e+00	4.144476773924808732e+00	2.710522929444573403e+00
2.877142854717907205e+00	1.859074689155939319e+00	2.821589900956217534e+00	3.662213794871763017e+00	2.603692916869137175e+00	3.802908828710672928e+00	2.524134772385175918e+00
2.574060809495479329e+00	1.709554722086398693e+00	2.609769942490308914e+00	3.241289056691976089e+00	2.452974985878379588e+00	3.560807787571304228e+00	2.364809276405936078e+00
2.293004207604789624e+00	1.646904959856613671e+00	2.402148092855563632e+00	2.902938816285997703e+00	2.324170639744628009e+00	3.356580852853418229e+00	2.249917691547564491e+00
2.179503085139376850e+00	1.573727172518374351e+00	2.327627518021802899e+00	2.481221287577966006e+00	2.202469524743967177e+00	3.222234914638485215e+00	nan
1.998893209523499692e+00	1.506860768974844111e+00	2.137073051406705559e+00	2.136971024558626642e+00	2.093113069389103575e+00	3.059315177671801500e+00	1.985727542679307511e+00
1.870653482668023448e+00	1.452757771274447940e+00	2.077934774384147421e+00	1.878545293426364227e+00	2.023586563236658975e+00	2.890496429025294134e+00	nan
1.722841696488836671e+00	1.403012000956587624e+00	1.943648952457938339e+00	1.911666010398391125e+00	1.894797869788265254e+00	2.817945744123119489e+00	1.879332688724450584e+00
1.655640165586643509e+00	1.395599898365840197e+00	1.957088744687486281e+00	1.547279524978122156e+00	1.801802283689421635e+00	2.600229782471395801e+00	1.662998866559784128e+00
1.599012513486792075e+00	1.273584568777875958e+00	1.777185517805170312e+00	1.816371519977791893e+00	1.742028546277218259e+00	2.511619898799966943e+00	1.643557234064845440e+00
1.590153292830667642e+00	1.256293985627472187e+00	1.721080405634384025e+00	1.598530947451832551e+00	1.677093386488689664e+00	2.512520626311240957e+00	1.530356036360625449e+00
1.487972943790541125e+00	1.213110096278320560e+00	1.644424353361303881e+00	1.451835257884624752e+00	1.562182655266501019e+00	2.238598926587222149e+00	1.552077509809891565e+00
1.467647574669446398e+00	1.203345874866539100e+00	1.532084878105631764e+00	1.342749375988799398e+00	1.492567954297823851e+00	2.114688235173104669e+00	1.410159961522083449e+00
1.380629828663361369e+00	1.112857995451761672e+00	1.509904426317179471e+00	1.409237595461574122e+00	1.463149302293096143e+00	2.047857783350758076e+00	1.333546378526481613e+00
1.345513877393002211e+00	1.084704703551946148e+00	1.471569232690440598e+00	1.182392196549480579e+00	1.419170791173688606e+00	1.996420585039345275e+00	1.340573830251754250e+00
1.190963506355651846e+00	1.078413423935752125e+00	1.412553332774013404e+00	1.136707442073780605e+00	1.336756721498291833e+00	1.830012859683438853e+00	1.283973965766536551e+00
1.207658436422813342e+00	1.002717053266310554e+00	1.350509926484074308e+00	1.134490758345811701e+00	1.303291166056268713e+00	1.784244864869022340e+00	1.270547344367193521e+00
1.148273957761360986e+00	1.009295369042443546e+00	1.309640180395958531e+00	9.441441421757146291e-01	1.223227652386035702e+00	1.689513679222743203e+00	1.176899163540023663e+00
1.094930482787697112e+00	1.007841046287661024e+00	1.310128895979496777e+00	1.019623339810405316e+00	1.185185721498622557e+00	1.621327123180579033e+00	1.221953906953296531e+00
1.079836955885908667e+00	9.040724758746815359e-01	1.205110431938877236e+00	9.733282071615559916e-01	1.162246409892707444e+00	1.538424894589053293e+00	1.116275962303206137e+00
1.042064743117770531e+00	8.357514806753475467e-01	1.231729281826755118e+00	9.255202974992158271e-01	1.061444906953441736e+00	1.429769678013799172e+00	1.054828700955411369e+00
1.036266076916715573e+00	8.645428122575404828e-01	1.218736581473444103e+00	8.725135292120406172e-01	1.103587521269318250e+00	1.365059838345265675e+00	1.102817020223791467e+00
9.383791322747511154e-01	8.232689454810966367e-01	1.190170477004687033e+00	8.864041246836157351e-01	1.073615534764982060e+00	1.350275064715757090e+00	1.061871132453031885e+00
8.888503196961906605e-01	8.198902328067809719e-01	1.169307930778184401e+00	7.885223721675815867e-01	1.011496499380788894e+00	1.203469151527114533e+00	1.020055200661718731e+00
9.196166013142738072e-01	8.019738864136465306e-01	1.182602229814948558e+00	8.429094767937429511e-01	1.009204514916376860e+00	1.259037153111766782e+00	1.108157841274297617e+00
8.041729445162373313e-01	8.096337573413429078e-01	1.150914471962625196e+00	6.498698412648141742e-01	9.120183430859378770e-01	1.161176777858977882e+00	1.013780266505409866e+00
7.642293883405892885e-01	7.457165921527320052e-01	1.063313540212552644e+00	7.237435650860548630e-01	8.165694013059560108e-01	1.056755306119233850e+00	9.929189781810306981e-01
7.850563223139646052e-01	7.131650441898677029e-01	1.025173259349905885e+00	5.788383700671740906e-01	8.475705306069941658e-01	1.036245488927609815e+00	9.766957205548782994e-01
7.334417464728834046e-01	6.917914035967265285e-01	9.799101638120568669e-01	6.483284279370483683e-01	8.508172780323923767e-01	8.833031588591521155e-01	9.272913110242840817e-01
7.600729499667897571e-01	6.534186328090827445e-01	1.044821700928918018e+00	7.059268227552792929e-01	8.245047908858422758e-01	9.340541386604823693e-01	9.944387289639213812e-01
7.802641665144660621e-01	7.030050649591709222e-01	1.075933436042005642e+00	6.742394054006370929e-01	7.574652424319380239e-01	9.496934142064022977e-01	9.252964029956990410e-01
7.097814966012659932e-01	6.752724259202089740e-01	9.853487627859430775e-01	6.328230677190606057e-01	7.796277307199889206e-01	9.306659565404495904e-01	9.659267598614212913e-01
7.596787350603035893e-01	6.255702797082798305e-01	9.679836583177200415e-01	6.559918073890090850e-01	7.230248870687547846e-01	8.207677878624797252e-01	9.229402863048075112e-01
6.802676728711399834e-01	6.750694465510715947e-01	8.885280311514912599e-01	5.312072073354988655e-01	6.831081009492134815e-01	7.239390634846317729e-01	9.117322144833152064e-01
7.134142634578444220e-01	6.118059096559419485e-01	9.069082365385585653e-01	5.977993021481402547e-01	6.758143597410637415e-01	8.090485374944003105e-01	9.107231157580027991e-01
7.003304177550258025e-01	5.727418770443309937e-01	8.380254015886279273e-01	5.348589010307509550e-01	6.948038180967504029e-01	7.761004592499345378e-01	8.868662082671451286e-01
6.185830010475273921e-01	6.037668791987822470e-01	8.375852142657980171e-01	6.325476842081383388e-01	6.441832150123181222e-01	7.421912751696941868e-01	9.160754364167027486e-01
