3.296081516793438304e+00	2.335710479559975905e+00	3.326127421572161236e+00	3.050850600958456393e+00	4.166863196906429145e+00	4.116333515908797480e+00	2.371968095850279568e+00
2.889530927124725590e+00	1.147235440894084579e+00	2.248277342151636216e+00	3.047983865297549055e+00	1.975308816404506063e+00	3.663955782844543485e+00	1.604007932429942107e+00
2.303700999997203791e+00	1.537362090106802359e+00	2.230941717015328063e+00	2.906469172782907506e+00	1.994306393914070830e+00	3.137060617948640662e+00	1.526483013783239251e+00
2.127579118557306526e+00	1.155312608474905023e+00	2.012074462942914366e+00	2.568699613442248619e+00	1.983433858691501461e+00	3.206512045585492299e+00	1.441457274233748587e+00
1.779366201241433076e+00	1.138938859809598414e+00	1.930303164341908406e+00	2.448746349535205091e+00	1.925409839587726379e+00	2.848565309142511381e+00	1.450681122565128156e+00
1.785708963511248637e+00	1.130630743055427212e+00	1.891653211854745997e+00	2.426758782290435956e+00	1.678195648845130616e+00	2.879482834823252624e+00	1.314147223345465187e+00
1.502217032612535474e+00	1.057098294348619794e+00	1.677218813953502918e+00	1.962225196397201277e+00	1.643769273023243382e+00	2.839458631672305167e+00	1.408777207658355346e+00
1.458070699009771598e+00	1.082378826384155168e+00	1.707461196466768749e+00	1.887040036438571988e+00	1.683931124145117808e+00	2.729230608395882385e+00	nan
1.279517225232263300e+00	9.604457225156824984e-01	1.494062447343991407e+00	1.501200463574498434e+00	1.480351730723448611e+00	2.735918671892262122e+00	1.361331857598084616e+00
1.372718619338177071e+00	9.331701196855695102e-01	1.560670559703810412e+00	1.258045919240934563e+00	1.489556162327608346e+00	2.609385041904817903e+00	nan
1.203636146544011076e+00	9.764407071793723691e-01	1.486425660935742910e+00	1.612811519042343766e+00	1.441797599128585405e+00	2.692051510270358161e+00	1.368650504160155545e+00
1.209707721744702758e+00	9.017544764783067546e-01	1.566140022788159447e+00	1.200161173320126284e+00	1.333639709494117476e+00	2.502245566705475710e+00	1.275502584402405049e+00
1.101599662634619614e+00	8.339229731784201238e-01	1.473425281456531399e+00	1.503236971137430711e+00	1.306606951673851658e+00	2.316861158737683279e+00	1.296826014648730263e+00
1.162730526073643578e+00	8.035661253238919333e-01	1.379721045148314618e+00	1.241551710442541756e+00	1.203311805615413066e+00	2.335806390297324064e+00	1.206054817542043800e+00
9.648180524611338349e-01	8.407012814851164695e-01	1.281220250747951983e+00	1.262222009397728106e+00	1.194809078773596545e+00	2.036630731373685776e+00	1.236016258537726564e+00
8.134368131663858303e-01	8.631454565231616582e-01	1.122628453944050086e+00	9.385495521667301944e-01	1.229922672688960938e+00	1.957802205240362747e+00	1.207096826099753883e+00
1.040109711332449338e+00	7.251720383856770091e-01	1.289291949816371297e+00	9.987830915643246543e-01	1.206736989005515515e+00	2.041375074584185434e+00	1.089648650715503431e+00
9.704525679091173807e-01	7.026859594805646703e-01	1.177340857902051230e+00	9.862815623780647467e-01	1.127346969881604544e+00	1.921551530515129391e+00	1.125353656307735317e+00
6.749680530079037455e-01	6.651514068288527648e-01	1.097972512649678656e+00	7.623680448328216119e-01	1.089757370770976008e+00	1.952444986159427076e+00	1.083866332791078468e+00
7.407185264470567132e-01	6.926949305234367804e-01	1.086741336044513950e+00	7.834427304414955939e-01	9.911649079113498129e-01	1.857812930612232405e+00	1.152564220273345263e+00
9.301293455151257161e-01	6.727165467392264286e-01	9.409269964741980852e-01	8.254272820139308964e-01	1.037107926094372967e+00	1.645266750040001336e+00	1.091948462808276954e+00
6.425949050152284237e-01	6.931520991808188814e-01	1.060074257955052168e+00	9.072352396529271834e-01	9.571325276343536359e-01	1.671790824487778826e+00	9.835950959000061555e-01
6.914845099175324084e-01	5.995918075494784949e-01	1.050799208015021025e+00	8.707209987173670784e-01	9.955454679223524339e-01	1.499201969003228996e+00	1.007059640081773955e+00
8.323721403131599805e-01	5.233874292459216315e-01	1.017521523980028375e+00	8.057728849542331595e-01	7.837322496665737326e-01	1.475584845097756892e+00	9.803604598981492391e-01
8.810112935947580493e-01	6.052472409757873040e-01	1.128055172398860551e+00	6.879700934219785680e-01	9.638703659108258659e-01	1.461702099777167252e+00	9.444335217156776263e-01
5.350564415900777027e-01	5.849205454115841141e-01	1.121744835657287886e+00	6.961461812478272337e-01	1.007979324765978069e+00	1.433356750851064509e+00	9.139166055221132900e-01
4.730691721248683757e-01	5.635337699005321666e-01	1.055336005586231085e+00	6.421230214899597000e-01	8.808507524425702728e-01	1.133540232823466276e+00	9.553458088498473222e-01
8.469569536055202574e-01	6.212732108203370407e-01	1.090976242089265025e+00	7.302189791458214563e-01	8.669137707850189667e-01	1.263335586878476580e+00	1.013106438685693389e+00
5.239911853075649439e-01	5.774050357318830651e-01	9.992018408213706460e-01	5.537271416549824909e-01	8.446557794401320374e-01	1.099019453116379275e+00	9.252306265753746928e-01
5.848097054082216362e-01	5.205878877678471461e-01	1.087773596643691887e+00	6.261800077052035451e-01	6.603559999547512493e-01	9.752825988966523640e-01	8.393881830716780623e-01
4.932516633157690289e-01	5.251734321692304031e-01	9.907918740709130700e-01	4.503641818744824610e-01	6.690741555714003752e-01	9.492132589682452659e-01	9.344914918868825193e-01
4.491609595789954334e-01	5.352521061400525859e-01	9.203914292096587735e-01	4.829351406959308535e-01	7.791669815868620397e-01	7.942278261783950466e-01	8.774218718233336434e-01
5.154362560911127655e-01	5.401777773804069538e-01	9.613927568047381245e-01	6.893463767706529133e-01	7.047958456166076857e-01	9.632987870939918595e-01	9.627458317285121359e-01
5.042578803859647518e-01	5.792270865152358006e-01	1.118681720340829688e+00	4.570225526940326910e-01	5.795747741874258674e-01	8.390681968436447535e-01	7.866080225168374795e-01
3.539321634977985465e-01	5.897746535153158831e-01	9.305799956889222457e-01	6.282121300104229755e-01	5.781785703307836810e-01	8.792016697547226922e-01	9.099018775744185383e-01
5.265966514079161165e-01	4.698531264934526774e-01	8.895091740995217933e-01	7.079424171636691243e-01	6.017774178026380483e-01	6.922428799513768993e-01	8.540624558349670936e-01
5.114232262079326796e-01	6.006489548091937802e-01	8.697987666790309991e-01	3.384505468582105214e-01	5.434405495504475159e-01	6.339465507551979018e-01	8.824265038397927086e-01
4.201820927897752522e-01	4.784832459112732250e-01	8.498420037057357046e-01	5.316296601201400129e-01	5.738791290820458579e-01	6.196149614284723883e-01	8.415786892863801327e-01
5.116887166902358564e-01	4.204676737892230620e-01	7.333020898176825231e-01	4.943024437922074465e-01	5.523396361146747369e-01	7.465486371563254675e-01	8.145548749687577805e-01
4.447427258760627833e-01	5.112731583914108535e-01	7.688330538514653867e-01	6.507938920888592937e-01	5.449241602709258281e-01	7.301768764238907305e-01	8.897509569510220206e-01
