3.444745398556915639e+00	2.911860830565090819e+00	3.490396972316444302e+00	3.502021920622238049e+00	2.919371884885744617e+00	3.980741931947893608e+00	3.266049593907698778e+00	3.351118187699876128e+00	2.851214284211418537e+00	2.969692368152024642e+00	3.632721562288147688e+00	3.727762553590250771e+00
1.734742523826786176e+00	2.650501883688167304e+00	1.849082698103638345e+00	3.184522401943738590e+00	1.624864044556011633e+00	2.012095908244623033e+00	1.731565734684139990e+00	2.400769211143789050e+00	1.695566630338938063e+00	1.817214211185917083e+00	2.195365977703274574e+00	2.080746554396029513e+00
2.107225725732850830e+00	2.494584114295022914e+00	2.446743626847006414e+00	3.464066595669730297e+00	2.076677113072346259e+00	2.448845602293435508e+00	2.033763998737507350e+00	nan	2.030654001923009933e+00	2.057918277710171218e+00	2.489541758990298614e+00	2.519165318777074170e+00
1.772903229721640717e+00	2.110356264555915295e+00	2.044155865992382193e+00	2.711937307287060950e+00	1.575151856460569100e+00	2.252060910660228288e+00	1.819478130399837523e+00	2.197463960716997455e+00	1.696061254104190841e+00	1.704029974442164308e+00	2.285226537652363721e+00	2.150429696634019283e+00
1.564890448180914939e+00	2.147688422100033634e+00	1.994403288256606066e+00	2.846651405868416251e+00	1.761544578826432117e+00	1.969871706662005950e+00	1.741358951126283694e+00	1.969606879712750391e+00	1.496810845933412404e+00	1.632504901249659301e+00	2.197721090166512070e+00	2.085631002590155880e+00
1.621549655555135194e+00	1.970121351435186074e+00	2.184221795648300546e+00	2.483300321067297922e+00	1.651356477918111576e+00	2.079754838071124379e+00	1.720406659983336750e+00	nan	1.666538883507059809e+00	1.495918983130322344e+00	2.074451380914534404e+00	2.156048692975818248e+00
1.467729249645741474e+00	1.887525571439031102e+00	1.907866281849300405e+00	3.031326475322440039e+00	1.454522579790289871e+00	2.065596274631670504e+00	1.716952950803182665e+00	1.540637083626791748e+00	1.455637188397826076e+00	1.451703046248327578e+00	2.111706611847564030e+00	2.060870553589320586e+00
1.392341302692975846e+00	1.931734433044976607e+00	1.896366182135705847e+00	2.599178718032527868e+00	1.343801987675032672e+00	1.941744675074752902e+00	1.664504598561074911e+00	1.634534910609866110e+00	1.438181385605299845e+00	1.406419940199010066e+00	2.063271100221402143e+00	2.033080530058632984e+00
1.363588125944364515e+00	1.855622226969348976e+00	1.863627792386226556e+00	2.240208665020623879e+00	1.480754496492706851e+00	1.963114746282922152e+00	1.669190833184646561e+00	1.625560249282377079e+00	1.400083697858838683e+00	1.389056103195006608e+00	1.795654480849272039e+00	2.012689159882027123e+00
1.388858395742562424e+00	1.558711961790082867e+00	1.885655736998910648e+00	2.184495765262807865e+00	1.448140790901614405e+00	2.054166846232033716e+00	1.748605525964018081e+00	1.483853162713721696e+00	1.403985714146617214e+00	1.321125183988635543e+00	1.844844961936373595e+00	1.933441208736543349e+00
1.269465354026195536e+00	1.702486543609148750e+00	2.018780599583084978e+00	2.042768982477643824e+00	1.477242941060931347e+00	2.003051056449710821e+00	1.523715812827347138e+00	1.243123532799784714e+00	1.292835679529029003e+00	1.170111017521512808e+00	1.913286231719310893e+00	1.775963565649191001e+00
1.224518407066331305e+00	1.607338380207301576e+00	1.886943183668322588e+00	1.875129629565931655e+00	1.354421504914989027e+00	1.994055896287484808e+00	1.657297933791055389e+00	1.425819150714304095e+00	1.271953311347891358e+00	1.295389481212021021e+00	1.679388298398167390e+00	1.747870632895815124e+00
1.215331722543936177e+00	1.156282721010280845e+00	1.835281618294253514e+00	1.900333704994363382e+00	1.041210962186525757e+00	1.937783924756066645e+00	1.482988796072619353e+00	1.168418660087585215e+00	1.108487101528200958e+00	1.174861108025173406e+00	1.691206974607000646e+00	1.879992886248988304e+00
1.212824354589208342e+00	1.395344518773245612e+00	1.877109914428689574e+00	1.540102197476216572e+00	1.278061384365954289e+00	1.967479206012022752e+00	1.631234561405835226e+00	1.061426854543814358e+00	1.059796740486402156e+00	1.118085899598131761e+00	1.733223941487721964e+00	1.555145060753011510e+00
1.190503409927630374e+00	1.484996594951861759e+00	1.866592212366149139e+00	1.502839983894902698e+00	1.276319423444248757e+00	1.724018345254098694e+00	1.702333588850086787e+00	1.194241950973653710e+00	1.305667087299004603e+00	1.184962130165813532e+00	1.540129519017961357e+00	1.583203206049050182e+00
1.005121147207911125e+00	1.660096514737420259e+00	1.809865875683460468e+00	1.561743202072042314e+00	1.054031566196745429e+00	2.020689983384992061e+00	1.583919520782793411e+00	9.619680881790902971e-01	1.011384732270608877e+00	1.214369821899623281e+00	1.789211538572299087e+00	1.521894026220147023e+00
9.830659452079306693e-01	1.420972049259646042e+00	1.712993188744314610e+00	1.441811090460638267e+00	9.979684989731183453e-01	1.754284596896992010e+00	1.628191329036033252e+00	9.822370848756611927e-01	1.206877566143106373e+00	1.008468358789525565e+00	1.449743139754527066e+00	1.509682887250959338e+00
1.053893107760313752e+00	1.338712849276313177e+00	1.770405722539799775e+00	1.383336634778990826e+00	9.630975147966808203e-01	2.004807558073006035e+00	1.473116276606721398e+00	9.455890933282080635e-01	9.644441830428723827e-01	9.088311994954842987e-01	1.339025374710276051e+00	1.533742503506981825e+00
9.843863478501081454e-01	1.187927109009409898e+00	1.729775307429480602e+00	1.253649246049150845e+00	9.731031536453894626e-01	1.649503063517565149e+00	1.427235522515166721e+00	9.725870655399673215e-01	9.413611117479754320e-01	9.901842610860488447e-01	1.679332270330193166e+00	1.458786319457493263e+00
9.204260415316308785e-01	1.182169287626156029e+00	1.559969185357354071e+00	1.255731510853429045e+00	8.740546906339122790e-01	1.556335537512179013e+00	1.609879101604207996e+00	8.221770865255821903e-01	8.040977504031496803e-01	8.702350552643653980e-01	1.365340496771663581e+00	1.328868404473299680e+00
9.265516506966814392e-01	1.229890854155652580e+00	1.525957456139499513e+00	9.797982542918326487e-01	8.828149745205599030e-01	1.652541772885337323e+00	1.449823127018986524e+00	8.423975408559286615e-01	8.557376975313922829e-01	9.439204431435469500e-01	1.313527169338190692e+00	1.153264472842872035e+00
8.710813135992369061e-01	1.037153758531684566e+00	1.497718569346131900e+00	1.134581388642473820e+00	1.176470232291839668e+00	1.506171979368221781e+00	1.438162076020239155e+00	8.166368429698595000e-01	9.690515029902830868e-01	7.950188672652166444e-01	1.070202407787887999e+00	1.305584505307824106e+00
8.893652073183317963e-01	1.028984524178263138e+00	1.238961318048068527e+00	8.725628751433290864e-01	1.088753750900663730e+00	1.303487063759650955e+00	1.322985279545675352e+00	6.703292938546221436e-01	7.947176482121353081e-01	8.064740468668196716e-01	1.409988388818216531e+00	1.154490818592087242e+00
8.118883385264891173e-01	9.698749416246941202e-01	1.452708252793055932e+00	9.619840678894813202e-01	7.901681512520941641e-01	1.386578809062725126e+00	1.334092622231164871e+00	6.770888523476642495e-01	6.996380505358743562e-01	6.444314863663973547e-01	1.136671891221946451e+00	1.044482050897294956e+00
8.199873626827907103e-01	7.682892653964285001e-01	1.313406510047092857e+00	8.244594418150661408e-01	8.203986818357258404e-01	1.171262828133558420e+00	1.113198436357168752e+00	5.663006017432996586e-01	7.346141357748713352e-01	6.260654080122985965e-01	1.003357628959253178e+00	9.644431388828899054e-01
8.667444194731080964e-01	9.108379626038174415e-01	1.255296532577043767e+00	1.111783543263441976e+00	6.942961114935505273e-01	1.402234245147576441e+00	1.262486321364018504e+00	6.385808077267749461e-01	8.292833645275269339e-01	7.307119310129036593e-01	8.885138947661598285e-01	9.285836927661981210e-01
8.521249264261022693e-01	9.878684447363050847e-01	1.220275051951004164e+00	9.101761541937265498e-01	3.566793024590239614e-01	1.264175223649512292e+00	1.141052048547186004e+00	8.290100224257682671e-01	5.942606719019051242e-01	5.644737644758223150e-01	9.056889629503960260e-01	9.030405438956329300e-01
8.391200569894776695e-01	1.269526934572261512e+00	1.369204977874792339e+00	1.458424936856089760e+00	7.256194708915471026e-01	1.216397499930971016e+00	1.117315367595091091e+00	5.740912033998127884e-01	6.415406835629435811e-01	6.332158380066607029e-01	1.122520190141494290e+00	1.107627707950292972e+00
8.258349349836753284e-01	6.783860632462342943e-01	1.396514108482238337e+00	8.119995580081410536e-01	5.450691547483619281e-01	1.120302612211515836e+00	1.165138097052814237e+00	7.658061904951063426e-01	6.669304878699915395e-01	6.649385425201181921e-01	9.441596559790320642e-01	7.191039144781279369e-01
8.190444318868518314e-01	5.943830898165664012e-01	1.144317539499405845e+00	7.653035605577739320e-01	4.943731584567890858e-01	1.378343334384032337e+00	1.040944470230994012e+00	7.013919428384746135e-01	7.483427565860842900e-01	6.071267960207558101e-01	1.046559170662856753e+00	9.171152152405940283e-01
8.161834696148693169e-01	4.597743561573320870e-01	1.146470553196467623e+00	9.540092229295196180e-01	3.902896233090237255e-01	1.144598352465495239e+00	1.045258319410999448e+00	7.645668529135717373e-01	6.954553175867090875e-01	6.062231342221038322e-01	9.284291903833402637e-01	8.178016585721308296e-01
8.612931607550027291e-01	6.446958447106873047e-01	9.548743763292429909e-01	6.782946181153819420e-01	4.833186912529223167e-01	1.091179964612651210e+00	9.939068087844458166e-01	5.412871872350326630e-01	5.815754702435530499e-01	6.094114901184229938e-01	8.828104503911434753e-01	7.403637867097440095e-01
8.185379833607399069e-01	7.625520541906928296e-01	1.117659962658019923e+00	7.855619060934941889e-01	4.248601579644799564e-01	1.041535491023805049e+00	9.086980984367650782e-01	6.162249978033994546e-01	6.523057619648811034e-01	7.191360948855266555e-01	7.638380983796659862e-01	6.807338236421912603e-01
7.846393422099992021e-01	8.085575512129744569e-01	9.679382034419529157e-01	6.585156784432671939e-01	4.109170546676165769e-01	8.701894631034844396e-01	1.063185001715024836e+00	5.947857823546827127e-01	6.342794378962147706e-01	4.796783990163220324e-01	8.493461815184992769e-01	6.969154982974342660e-01
7.875555062356711655e-01	9.924738978659851663e-01	9.701578654580198524e-01	5.341223579988159109e-01	3.543081320851815819e-01	8.668367699099117640e-01	9.296200116486271758e-01	6.719288514369953225e-01	6.422670983792301280e-01	6.032201909612064927e-01	8.655913803782907534e-01	6.284181530390366976e-01
7.412112165977131628e-01	8.304178242172914892e-01	8.815665753167292173e-01	6.266972030624488044e-01	3.267898691604952388e-01	8.771298218801676372e-01	9.650650406170595552e-01	5.101718136365170908e-01	5.975436409638821278e-01	5.190729923817997138e-01	6.336171643060982683e-01	5.909680051989016913e-01
7.021322668895436658e-01	6.263792372078716975e-01	9.528732550469224405e-01	8.007384856045881572e-01	4.666110323617199684e-01	1.020531963432619760e+00	8.245959120330877967e-01	4.724318655695619040e-01	6.137811042214376123e-01	5.824668067903365776e-01	7.949240859793035296e-01	5.669448826837509836e-01
6.963162338668376083e-01	5.160654543302297670e-01	1.048690865247633219e+00	5.907818622371057149e-01	3.341466342826837077e-01	8.201032240863580514e-01	8.677402394042943445e-01	4.120943569026382369e-01	6.709254726883321363e-01	3.145458032521750158e-01	4.971705038724829051e-01	6.071081972979918140e-01
6.341143046873365385e-01	2.652249810352406700e-01	8.207229001230144094e-01	7.412736073288687111e-01	2.177628797245802217e-01	6.557119456090163556e-01	7.200376229866440880e-01	5.481218964835670171e-01	6.398053907532933460e-01	4.133444694006131459e-01	6.074624313461768343e-01	4.868536202947740255e-01
7.497888971476774911e-01	5.694522473640268867e-01	7.415184606769662512e-01	8.073652062682135089e-01	2.048651993056271048e-01	6.799474969875037855e-01	6.935154197329442827e-01	6.777343920284620848e-01	6.081570399630324975e-01	5.311781659063568029e-01	6.158481609131544188e-01	5.580533375839117349e-01
