2.961618927533356871e+00	1.834331952716750092e+00	4.060317414541181336e+00	2.054833520067184782e+00	2.301717023743317991e+00	2.675770668053438772e+00	5.084405300397612848e+00	3.620921852538733887e+00	2.454855510728074286e+00	2.421864804849314101e+00	4.233041485038008034e+00	nan
3.247805224218237363e+00	1.860143833865797180e+00	3.167098658470454353e+00	1.852518712000338130e+00	1.984774609414722946e+00	1.908604846475652650e+00	4.263217972229989883e+00	3.337730756533427989e+00	1.577916365779916896e+00	2.198187186416767691e+00	3.996485150983125845e+00	nan
2.733798113342713609e+00	1.217729798444062261e+00	3.508145560508288963e+00	1.514142342609864134e+00	1.572125606517403407e+00	1.830685702310159479e+00	4.004625785276235916e+00	3.543255622467955668e+00	1.878008846045945646e+00	1.934969034380631614e+00	3.562094335474196072e+00	1.688149005839308936e+00
2.674684764858998420e+00	1.191522143482766305e+00	3.557064367916558556e+00	1.507643849536573377e+00	1.371456315837056072e+00	1.650952361219872877e+00	3.255763881731599696e+00	2.767651509305084190e+00	1.550935360379197103e+00	2.236493087031605320e+00	4.327569292213966357e+00	1.790566707343874908e+00
2.399985338383092248e+00	1.195032177630358516e+00	3.545527538430812253e+00	1.322607357811367512e+00	1.355337630963145079e+00	1.433270722417992360e+00	2.854844670985957400e+00	2.745611593853462207e+00	1.525148513618514112e+00	1.675645306317545158e+00	3.679781153796153781e+00	1.342906082805372048e+00
2.312552437391302451e+00	1.093480080075940331e+00	3.176958921053487650e+00	1.373755216382949396e+00	1.228248472380708778e+00	1.452462678609032221e+00	2.387318033766588687e+00	2.000378202378433556e+00	1.269002617102193087e+00	1.590808409201073248e+00	2.935581329719647581e+00	1.423210862749300532e+00
2.052002505644344499e+00	1.088243342174312067e+00	2.829007945516961886e+00	1.419321543887880566e+00	1.299237726113974034e+00	1.279746457826506534e+00	2.130812389298780030e+00	2.063921426699936390e+00	1.390099282721586560e+00	1.309592318840754555e+00	4.161773452753942948e+00	1.405234748392556021e+00
2.295522619405378162e+00	1.134360680096844654e+00	3.522630552287372652e+00	1.262595809956131410e+00	1.129137695266497987e+00	1.416767227464301504e+00	2.246801691259899592e+00	1.987859627122835260e+00	1.234747103386890199e+00	1.327270066932601189e+00	3.585574975745093873e+00	1.020033909965110119e+00
1.812112770856038058e+00	9.505871833628970480e-01	3.818802428652821490e+00	1.170707810499247659e+00	9.616349263120343993e-01	1.123915318122765905e+00	2.018758467022681913e+00	1.268985622712937689e+00	1.275279838190711779e+00	1.022286777883844699e+00	3.786535293789548895e+00	1.060178581526004304e+00
1.922954184037238612e+00	1.061606577137106822e+00	3.454073848418752313e+00	1.260156641231141572e+00	9.747367047940967977e-01	1.146224102981235893e+00	1.844465206654141598e+00	2.276002273758546135e+00	1.101110485948961770e+00	8.831880561088092385e-01	3.230947990096360467e+00	1.066173042064427090e+00
1.942617596417957504e+00	6.372159835560825547e-01	3.551284080194528681e+00	9.170964220996852267e-01	9.488849464535488165e-01	9.959826612008254587e-01	1.597299662614498184e+00	1.238588076543163385e+00	1.119081012080635817e+00	8.036465557882204180e-01	4.142869717392324347e+00	1.089506993476265784e+00
1.997987560511585325e+00	6.258279975011177276e-01	3.673115238334518029e+00	8.963331704805247435e-01	8.909024427127376633e-01	8.927725419040024590e-01	2.076004387627311321e+00	1.689363795802192092e+00	1.168345786481703286e+00	9.381449994366231060e-01	3.775569634244590578e+00	9.511754754207467633e-01
1.609257726107215403e+00	7.946233664232988936e-01	3.304642138211708602e+00	1.118044792196106751e+00	8.364431384310055950e-01	8.667060070742167444e-01	1.402522433501288468e+00	1.810670414438350528e+00	8.282118338362025600e-01	8.159519245167444756e-01	4.341319321982463286e+00	9.648133142023069819e-01
1.696847682105548039e+00	6.008515897479308476e-01	3.146580529517415847e+00	5.549140455886614198e-01	5.663922186748684418e-01	8.864739474328517943e-01	1.222090176386073201e+00	1.533186864074735700e+00	8.823454479667831585e-01	5.772308628310349743e-01	3.421156410188275654e+00	9.083697638273251496e-01
1.650852354345443196e+00	8.746726384506244845e-01	2.971884380684238991e+00	8.383737518983711556e-01	4.371803472903381671e-01	9.367114547836240535e-01	1.565135206195328088e+00	1.327097083504395592e+00	7.953548555977550949e-01	6.167392661956452304e-01	3.313129080144130878e+00	6.708487755306683509e-01
1.589752212581045931e+00	5.295440423344203174e-01	2.807583483549303871e+00	5.932621606138250847e-01	6.029365438005832578e-01	7.693713820331055109e-01	1.715204235073659378e+00	7.904021081376106928e-01	7.990261844911880074e-01	8.114189419720406748e-01	3.415824523529991996e+00	6.911470033308694250e-01
1.616601159284323908e+00	5.527871469169393093e-01	3.129026566695008782e+00	7.162917121039825696e-01	5.489476266153624495e-01	7.299426733224604336e-01	1.667847281953660943e+00	1.303079829700971803e+00	1.032700475766372916e+00	5.689965724018200000e-01	2.605587866085923743e+00	7.284887757745934778e-01
1.771469165760054754e+00	5.480403020389726931e-01	2.451030362942501206e+00	7.149341514535647590e-01	5.384282706736729374e-01	9.049830076333342799e-01	1.315483860293554352e+00	1.173195736493515051e+00	4.596661549514334255e-01	7.703171331819598233e-01	2.740795377273218314e+00	7.064313964201938134e-01
1.461674113795705887e+00	4.514137233875136768e-01	2.556160864727729631e+00	4.989718008799108873e-01	6.087858929838667610e-01	7.563851684314940593e-01	1.105259141792478417e+00	9.227205655435138931e-01	9.376787145186884498e-01	5.671015037650475321e-01	1.384295370740244557e+00	6.611675685141459313e-01
1.412349827501891975e+00	4.210431522029111084e-01	1.828132639948168769e+00	5.083653896849170684e-01	5.626722348392521056e-01	7.250588439052171319e-01	1.291874822505950871e+00	1.165897350081355865e+00	7.280174612600501804e-01	6.458586301738666879e-01	1.955009341661255950e+00	7.826785949578888291e-01
1.375662311767539725e+00	4.273810053833312361e-01	2.548014768826293075e+00	5.235348200708891397e-01	5.643865589987629994e-01	8.087574514151889549e-01	1.096565503906984151e+00	1.123143888915765221e+00	6.186734725458407080e-01	5.845647615390515695e-01	1.546463063553197737e+00	6.948135181222704349e-01
1.481510864869536093e+00	3.789771574659589470e-01	2.083865954648492114e+00	4.045901403030061072e-01	4.835004160239007587e-01	7.077647831538610435e-01	1.091117342741326768e+00	9.980430755110504260e-01	6.795796205771479359e-01	4.605377409163343705e-01	2.032149049252224060e+00	7.012176647360135462e-01
1.498925042890257409e+00	4.933505930228430647e-01	2.117314515790071905e+00	6.210878613744326149e-01	5.315239685195414232e-01	8.007998987570374982e-01	1.424672698137977811e+00	8.209003164021108079e-01	6.408459209256232025e-01	6.011160329765045107e-01	1.049868594950614575e+00	5.871487164932864822e-01
1.021529782575179013e+00	4.319541449950801693e-01	2.375083545293259935e+00	3.437310647797838792e-01	4.878998137821946024e-01	6.777479803700233729e-01	8.475896567589168429e-01	7.509492497834586722e-01	5.633849691923478176e-01	5.372029617937583712e-01	2.344305671007793634e+00	5.995441818944055035e-01
1.041978438781090643e+00	3.677760167344508169e-01	1.909277249057298009e+00	5.298327863721901121e-01	5.404104043107743616e-01	5.682892532206130776e-01	1.199652701000708532e+00	5.820798284429471448e-01	4.785662913681822950e-01	2.921320922715077151e-01	2.226535546529635923e+00	6.862562033815622353e-01
7.633485555701368108e-01	3.386050488263006586e-01	1.911375354833255047e+00	3.135437452756481003e-01	4.378013107938710236e-01	5.267698556633365614e-01	1.031865512954508013e+00	6.159626810480400838e-01	6.741354875696913274e-01	4.109862580864262482e-01	8.022961617332788897e-01	5.626635781723190455e-01
1.312931313083276708e+00	3.627277152185915399e-01	1.723857202233028518e+00	5.337615971216738142e-01	5.114280951913796613e-01	6.296039422029408028e-01	1.649792634457349916e+00	7.588547158672632742e-01	4.723346049078482323e-01	5.487519122184845166e-01	1.132940655052230516e+00	5.475695445896029412e-01
9.155929424702199393e-01	3.272164808111743817e-01	1.483295583307988830e+00	5.074257348375487142e-01	4.416078654599497888e-01	6.305640681705361184e-01	1.013456117452852911e+00	4.320607427748242024e-01	6.696541409592531302e-01	3.321659967039360395e-01	4.747579901075495434e-01	5.742801180493802837e-01
9.632391592592626228e-01	4.171343336703089988e-01	1.284094221646447265e+00	2.756541814486400122e-01	3.392928281438482574e-01	6.044500418127712882e-01	1.392272356754338691e+00	5.239970651669035862e-01	7.245424719842626926e-01	5.307407753373977188e-01	8.802051237479474599e-01	6.037359046388515171e-01
9.473401215982605317e-01	3.861782863403238619e-01	1.207624036188895689e+00	2.946025072314797932e-01	4.120972438157487483e-01	5.021496784219452447e-01	1.128015101770019513e+00	5.753819060447113998e-01	4.590172002708826637e-01	2.636724331236581786e-01	1.031584570244486576e+00	5.063687753743236764e-01
1.006948719702267958e+00	3.753940727665462385e-01	1.238885917139527670e+00	1.998811045083311866e-01	3.308738735652447249e-01	4.423780474202962387e-01	1.009035803386392649e+00	5.650028096304271497e-01	5.834283888591358380e-01	3.072469120517445917e-01	1.187886784397837348e+00	6.575904395895854071e-01
1.142529146779275973e+00	4.595525733472307639e-01	1.473402482296386706e+00	3.847257672859371036e-01	3.737953567167126567e-01	3.813568714767436307e-01	1.031533363172935758e+00	9.690909894723697127e-01	5.817812583728181330e-01	3.832100886962866992e-01	1.249805802599342819e+00	6.426910183314358260e-01
7.592479107618166356e-01	3.254770146215947846e-01	1.426405260590112523e+00	3.644014971015588356e-01	5.305961225549257199e-01	6.488466235936953819e-01	9.130413436894645463e-01	9.375574766115333247e-01	6.044094526825750657e-01	4.610809552754433494e-01	8.072779935870130208e-01	5.466348442751460812e-01
5.086653360993278472e-01	2.917699461323073340e-01	7.359012021918058810e-01	2.304143645189007938e-01	4.271731225150152689e-01	4.500341554124795418e-01	7.103661562340957136e-01	8.577950788954149530e-01	4.838509860826218367e-01	4.762565222582044733e-01	9.997246605036803624e-01	6.442983595889356652e-01
9.595934744689381679e-01	3.069335410279581677e-01	1.430863708351931995e+00	1.334469857747969390e-01	3.952152332079930108e-01	4.193753039106685732e-01	5.537661451805228063e-01	6.927403978421871056e-01	5.177123418735449789e-01	6.900600764856145153e-01	8.876759458616253484e-01	6.107094497239391462e-01
8.674717646469486398e-01	4.154520904523375524e-01	1.394346180145502601e+00	2.283912905651321046e-01	4.304520305758627319e-01	4.658957517130198900e-01	6.069260213429548134e-01	6.566473112483351970e-01	6.310131354953824045e-01	5.748374818500572303e-01	8.188493069675911729e-01	5.963363901359578501e-01
9.328647232991091887e-01	2.419234062363737059e-01	1.490127212166893811e+00	2.553218251747486067e-01	4.848447470742459631e-01	5.922406508693709437e-01	7.761502494001859542e-01	3.356327571799947451e-01	5.595034673701617667e-01	4.824156046704229928e-01	8.303222439946620348e-01	5.138838999125181495e-01
9.336462116519139709e-01	3.293097942008313406e-01	1.513751726726190405e+00	2.903817686064321668e-01	3.291618384299765387e-01	3.847231764171222812e-01	8.894389020688495684e-01	2.616995704813792623e-01	3.569156193761722218e-01	4.848041840132813474e-01	9.123597302607354687e-01	6.079945814127956094e-01
7.702361287358074904e-01	3.403032058946589555e-01	1.373602511012390393e+00	1.684500258802907047e-01	4.966153602853577986e-01	3.277818036692797810e-01	6.985104738982140793e-01	3.671497509982195040e-01	4.395400651050226926e-01	5.961102494189162160e-01	5.881473082144635101e-02	5.816740418779997590e-01
7.718205280275272084e-01	3.461877778642519776e-01	1.275423691655881875e+00	1.175807570546266168e-01	3.423170817232278340e-01	5.003245318238910277e-01	6.876103483076063672e-01	2.583739054166915294e-01	6.062880860710125885e-01	5.626026250476424684e-01	3.256447657060698719e-01	5.805645583554026601e-01
