7.340616026239385583e+00	6.089572511369414798e+00	2.625437418131130407e+00	2.006178986039685697e+00	3.918174900056700327e+00	4.151623335525664871e+00	9.282672810727577328e+00
5.290643895257211682e+00	4.385775112142272114e+00	2.400361752289231987e+00	1.380185366654888446e+00	3.221665954699064027e+00	4.363136855824333082e+00	7.823712610544783175e+00
4.607852310366634008e+00	4.405113756051663110e+00	1.987906943359296852e+00	1.427946361923791319e+00	3.063361423308013975e+00	4.291260860354274342e+00	7.820194589660368401e+00
3.084823770482428174e+00	4.148659110602192612e+00	1.593039457591367336e+00	1.336211454842634705e+00	2.107584539643359456e+00	3.955018029144322433e+00	8.002730611359865520e+00
3.258478397991078523e+00	2.763067158844309201e+00	1.644537841815777002e+00	1.285883505998175469e+00	2.083040311230244690e+00	3.588744724852946710e+00	7.874115267726669920e+00
2.612499352089593163e+00	2.656995948536132524e+00	1.613837245326848802e+00	1.134280114954317575e+00	1.722135954446516237e+00	3.357510443512646159e+00	6.607702054699586824e+00
2.897520589993004769e+00	2.149701306165734849e+00	1.411276981303879907e+00	6.065796438193593598e-01	1.673436072849523226e+00	2.889535658019336761e+00	5.491782407663118093e+00
2.727278042570237648e+00	2.132387393813734100e+00	1.538108445742455421e+00	6.548475862133181780e-01	1.887179385663164899e+00	2.815235364051615452e+00	3.983796737501478447e+00
2.021070719104239188e+00	2.016014044836922370e+00	1.282720933422646370e+00	6.889159588736120110e-01	1.455336288598116701e+00	3.160733385582016108e+00	4.519911920935035354e+00
2.487340102296482058e+00	1.832843795061573022e+00	1.047507859111146633e+00	4.413332201800027610e-01	1.761416073592031672e+00	3.490676147073726199e+00	3.469676185695258042e+00
2.428829542703677014e+00	2.075786318618562554e+00	1.316831838256010689e+00	6.346306968085877465e-01	1.502575072550635049e+00	2.851976720932468456e+00	3.584044376269948984e+00
2.598867230209336299e+00	1.634808600119589617e+00	1.293595928529134742e+00	6.638795398887659127e-01	1.225907416929779004e+00	2.469404482917572086e+00	3.835118349600592058e+00
2.710136004937902854e+00	1.659831561937336941e+00	1.138321746021301317e+00	3.803086892493554583e-01	1.497442093946183439e+00	2.031071431461449972e+00	3.119100385299912404e+00
2.516596782450787551e+00	1.384520584489403072e+00	1.411146421047635879e+00	3.836266623127106978e-01	1.584031052016302121e+00	2.117780497130722583e+00	3.100568297347970237e+00
1.969181985770333876e+00	1.550190360705930637e+00	1.075505297132109295e+00	1.533781699547806521e-01	1.554679731543674004e+00	2.297263165359693105e+00	2.369473051418501175e+00
1.793377713829693132e+00	1.543420118565165700e+00	1.150717691086126093e+00	2.855722945554724501e-01	1.460762116649389375e+00	1.722902417822174348e+00	3.047539655825090676e+00
2.152964398630123455e+00	1.213288532025588840e+00	1.201370693892450214e+00	4.628959670990874797e-01	1.526023877939009621e+00	2.351919175007005425e+00	2.013115003522794488e+00
2.161868499879575634e+00	1.346661817332444500e+00	1.226321154419515613e+00	5.326936946675431273e-01	1.173639289620758364e+00	2.046169969937942756e+00	1.996659264084848617e+00
1.524893999957046997e+00	1.438187411308616603e+00	1.346802442495642183e+00	5.230616222709637553e-01	1.269723414798458849e+00	1.838968938708091194e+00	1.043620197408498207e+00
1.231737161326973862e+00	1.108410892552278870e+00	1.258141343937763557e+00	5.026940248088074270e-01	1.191022883108640684e+00	1.625610173884380449e+00	1.587295144341856590e+00
1.675204673153426249e+00	1.287011892321608952e+00	1.044699110393666253e+00	4.609937095241755656e-01	1.286362540677746136e+00	1.579558724970389738e+00	1.449734971227558233e+00
1.396100999600059733e+00	1.678356181551200477e+00	1.155990118940108946e+00	4.164220255818091854e-01	1.223265011852299855e+00	1.535212581239008500e+00	2.227409168786976590e+00
1.394760704474447444e+00	1.066373696108286140e+00	1.126231588055184751e+00	3.499245930711429309e-01	1.245156464149036468e+00	1.563278176858378554e+00	1.693720357597171100e+00
1.662437350971999406e+00	1.427947365680711345e+00	1.002794597911066177e+00	2.781767391274291845e-01	1.225339568747271013e+00	1.227852834703510698e+00	1.482662273036072564e+00
1.193478046029010420e+00	1.479701073225585084e+00	9.995026907806376926e-01	3.035110782585225264e-01	1.397856985103403282e+00	1.141947486405193501e+00	9.001365180276210687e-01
1.579628460455610339e+00	1.193359057171448079e+00	1.056859246613517822e+00	3.040207037339496265e-01	1.344505821519983879e+00	1.456872221221647612e+00	1.016855940513228029e+00
1.637876373557374476e+00	1.499038398313109033e+00	1.003351567446592485e+00	3.429994898314507323e-01	1.342869105222187942e+00	1.618373275455438076e+00	9.738574452858071995e-01
1.787987137258712611e+00	1.317884741609078203e+00	9.323522807106425780e-01	3.001410101796212482e-01	1.329708121445818625e+00	1.048758012188071076e+00	1.139832280647627982e+00
1.578225976071132575e+00	1.387031440483929901e+00	9.892374357424219555e-01	2.625152280997644083e-01	1.436988533700029880e+00	1.257235427489613366e+00	1.401485427934226813e+00
1.436400912498499105e+00	1.382274762687389691e+00	1.036563050203075376e+00	2.062722162900024747e-01	1.362954617485431230e+00	1.179409634695018472e+00	9.657453544175064186e-01
1.614179494958031924e+00	1.253920764223602546e+00	1.076873107054970857e+00	1.789342029097016340e-01	1.540222466409552737e+00	1.038464598700931774e+00	1.014728722349575118e+00
1.285201335171829884e+00	1.275900915916319045e+00	1.035091404840174256e+00	1.554303451800839730e-01	1.285843394678062968e+00	1.157075833672736254e+00	9.039272617139627597e-01
1.310492224712975551e+00	1.082321913632902977e+00	1.054348439162924089e+00	1.354993412446807988e-01	1.326054348481915834e+00	1.204744386262455391e+00	9.195681926554820640e-01
1.433583356866493075e+00	1.099247106987966127e+00	1.132248361475464371e+00	1.080445674404967998e-01	1.325749692677792746e+00	1.185495827669712510e+00	8.652975095060664312e-01
1.019119446259745487e+00	1.421243916112406858e+00	1.120638100014214489e+00	9.610023822169179442e-02	1.367516671360012204e+00	9.903537261721493401e-01	1.249493674317214920e+00
8.698072955292336372e-01	1.073491872789737789e+00	1.079457266400008386e+00	8.657988156637352883e-02	1.410571860821134171e+00	1.164648503131460622e+00	1.108093489718220193e+00
1.270903156468654593e+00	1.005206507153498796e+00	9.292118949918630744e-01	7.878734828923189548e-02	1.459720501548868787e+00	1.036998729049072754e+00	9.122007994670796593e-01
1.126335446897789083e+00	7.895445131988121368e-01	9.212357710029368540e-01	7.038210788799352524e-02	1.451944504504824707e+00	1.201028770872907270e+00	1.058321988524299595e+00
1.057838129056902998e+00	1.126917685040196293e+00	8.274905363780479250e-01	6.862253454572737887e-02	1.360243011853843553e+00	1.049073262582252974e+00	1.005967854906417269e+00
9.995172811352304176e-01	1.199823143457392494e+00	8.217082045576222793e-01	6.932590565884336198e-02	1.228286420211764707e+00	1.095838903819228882e+00	1.068509636635352145e+00
